1250 -59453.8 37.0156 403.342 264.851 459702
1262 -58892.4 66.3249 438.062 265.909 430557
1274 -57926.7 79.4722 470.099 267.719 402738
1286 -57076 69.8858 496.772 269.303 382200
1298 -56194.4 74.0488 515.399 270.935 367324
1310 -55321.4 72.5624 524.319 272.541 358293
1322 -54445 73.0642 525.959 274.144 353177
1334 -53573.8 72.0876 523.769 275.729 350196
1346 -52709.9 72.346 521.196 277.291 347600
1358 -51836.6 72.8293 520.95 278.861 343803
1370 -50968.8 71.6228 522.778 280.413 339076
1382 -50113.4 71.4846 525.685 281.934 334012
1394 -49252.8 71.4321 528.678 283.456 328959
1406 -48400.5 71.0077 530.974 284.955 324434
1418 -47545.3 71.41 532.635 286.452 320291
1430 -46693.3 70.1398 533.931 287.935 316441
1442 -45856.4 70.2588 535.135 289.385 312847
1454 -45006.1 70.6266 536.465 290.85 309148
1466 -44169.1 69.051 537.92 292.286 305573
1478 -43342.4 69.1028 539.448 293.696 302119
1490 -42511.3 68.9883 540.993 295.108 298684
1502 -41687.3 68.7087 542.505 296.501 295388
1514 -40864.4 67.9176 543.937 297.885 292199
1526 -40055.2 67.6437 545.244 299.24 289237
1538 -39239.7 67.6762 546.381 300.6 286359
1550 -38436 66.4545 547.316 301.934 283721
1562 -37641.2 66.1257 548.07 303.247 281283
1574 -36849.2 65.7606 548.678 304.55 278980
1586 -36062.2 65.5909 549.174 305.84 276809
1598 -35277.2 64.8721 549.594 307.12 274728
1610 -34504.1 64.4264 549.984 308.376 272787
1622 -33731.2 63.903 550.388 309.627 270875
1634 -32970.9 63.2834 550.853 310.852 269057
1646 -32210.3 63.1952 551.408 312.073 267229
1658 -31457.9 62.1861 552.004 313.276 265468
1670 -30715.8 61.7025 552.576 314.459 263819
1682 -29976.6 61.3105 553.057 315.632 262258
1694 -29245.2 60.6867 553.398 316.788 260839
1706 -28520 60.1101 553.617 317.931 259541
1718 -27802.4 59.5709 553.749 319.057 258356
1730 -27090.3 59.0215 553.827 320.171 257251
1742 -26386.4 58.3598 553.878 321.269 256230
1754 -25689.2 57.8076 553.896 322.352 255286
1766 -24999.2 57.1945 553.866 323.42 254425
1778 -24316.4 56.6319 553.775 324.474 253652
1790 -23640.4 55.9975 553.611 325.514 252969
1802 -22972.2 55.4065 553.38 326.539 252378
1814 -22310.7 54.7928 553.089 327.55 251866
1826 -21657.5 54.1042 552.749 328.546 251439
1838 -21011.8 53.5221 552.367 329.527 251084
1850 -20372.9 52.9487 551.956 330.495 250793
1862 -19741.4 52.2612 551.526 331.449 250562
1874 -19118.8 51.5523 551.089 332.387 250392
1886 -18503.5 51.0185 550.649 333.311 250272
1898 -17894.8 50.3729 550.184 334.223 250207
1910 -17294.9 49.6291 549.662 335.119 250223
1922 -16703 49.0539 549.054 336.001 250328
1934 -16118.1 48.3676 548.338 336.871 250526
1946 -15542.2 47.6837 547.536 337.724 250818
1958 -14973.3 47.1037 546.675 338.566 251178
1970 -14412.3 46.3694 545.787 339.393 251596
1982 -13860.1 45.7157 544.891 340.206 252067
1994 -13314.9 45.112 543.976 341.006 252585
2006 -12777.8 44.4129 543.021 341.793 253165
2018 -12249 43.7112 542.005 342.565 253820
2030 -11728.7 43.0167 540.914 343.324 254554
2042 -11216.3 42.3992 539.764 344.069 255358
2054 -10711.1 41.7781 538.578 344.803 256216
2066 -10214.3 40.9946 537.378 345.522 257122
2078 -9726.77 40.3272 536.18 346.227 258074
2090 -9246.15 39.7303 534.968 346.921 259066
2102 -8773.64 39.0328 533.717 347.601 260116
2114 -8309.28 38.355 532.405 348.268 261234
2126 -7853.23 37.6499 531.015 348.922 262432
2138 -7405.54 36.9811 529.555 349.563 263703
2150 -6965.61 36.3301 528.041 350.192 265037
2162 -6533.75 35.6443 526.491 350.808 266428
2174 -6110.12 34.9667 524.914 351.411 267870
2186 -5694.52 34.2962 523.31 352.002 269362
2198 -5287.03 33.6196 521.67 352.58 270910
2210 -4887.59 32.958 519.987 353.146 272516
2222 -4496.09 32.284 518.258 353.7 274183
2234 -4112.8 31.6052 516.482 354.242 275911
2246 -3737.47 30.9495 514.664 354.771 277697
2258 -3370.07 30.2793 512.807 355.289 279540
2270 -3010.76 29.6103 510.914 355.794 281438
2282 -2659.38 28.9508 508.984 356.287 283392
2294 -2315.96 28.2862 507.017 356.769 285402
2306 -1980.49 27.6273 505.012 357.239 287469
2318 -1652.9 26.9694 502.967 357.697 289594
2330 -1333.22 26.3132 500.885 358.144 291775
2342 -1021.38 25.6598 498.765 358.579 294014
2354 -717.376 25.0079 496.608 359.002 296310
2366 -421.172 24.3596 494.415 359.415 298663
2378 -132.739 23.7128 492.185 359.816 301074
2390 147.946 23.0686 489.917 360.205 303543
2402 420.922 22.4279 487.611 360.584 306072
2414 686.223 21.7891 485.265 360.952 308661
2426 943.872 21.1531 482.883 361.309 311310
2438 1193.92 20.5216 480.466 361.654 314018
2450 1436.39 19.8904 478.016 361.989 316783
2462 1671.32 19.2672 475.536 362.314 319606
2474 1898.79 18.6399 473.023 362.628 322487
2486 2118.7 18.0202 470.475 362.931 325431
2498 2331.32 17.4115 467.888 363.224 328439
2510 2536.53 16.7894 465.26 363.506 331513
2522 2734.32 16.1829 462.592 363.778 334654
2534 2924.92 15.5784 459.886 364.04 337861
2546 3108.23 14.9789 457.144 364.291 341135
2558 3284.42 14.3799 454.367 364.533 344475
2570 3453.34 13.7803 451.558 364.765 347882
2582 3615.21 13.1974 448.718 364.987 351354
2594 3770.05 12.6081 445.849 365.199 354891
2606 3917.83 12.0231 442.951 365.401 358494
2618 4058.65 11.4476 440.02 365.594 362168
2630 4192.59 10.8789 437.05 365.777 365918
2642 4319.73 10.3076 434.033 365.95 369751
2654 4440 9.74125 430.969 366.115 373670
2666 4553.54 9.18024 427.871 366.27 377667
2678 4660.35 8.62611 424.757 366.416 381729
2690 4760.56 8.07162 421.647 366.552 385841
2702 4854.14 7.53627 418.55 366.68 389996
2714 4941.36 6.98141 415.453 366.799 394205
2726 5021.68 6.42165 412.33 366.908 398491
2738 5095.93 5.97455 409.161 367.009 402872
2750 5164.61 5.41379 405.926 367.103 407363
2762 5225.62 4.7932 402.626 367.186 411978
2774 5280.41 4.36314 399.268 367.261 416708
2786 5330.23 3.90737 395.856 367.329 421547
2798 5373.66 3.32004 392.397 367.388 426499
2810 5410.12 2.78365 388.9 367.437 431563
2822 5440.87 2.34792 385.376 367.479 436725
2834 5466.39 1.89312 381.833 367.514 441978
2846 5486.07 1.3781 378.28 367.541 447321
2858 5499.34 0.831941 374.713 367.559 452761
2870 5506.57 0.420786 371.122 367.568 458310
2882 5509.36 -0.00913349 367.501 367.572 463971
2894 5505.97 -0.534702 363.841 367.568 469764
2906 5496.75 -1.00621 360.134 367.555 475703
2918 5482.04 -1.4234 356.37 367.535 481802
2930 5462.59 -1.83924 352.54 367.509 488076
2942 5437.6 -2.33043 348.641 367.475 494540
2954 5407.02 -2.73178 344.697 367.433 501173
2966 5371.82 -3.18566 340.738 367.385 507944
2978 5330.68 -3.61004 336.793 367.329 514824
2990 5285.45 -3.96816 332.885 367.268 521782
3002 5235.02 -4.43195 329.004 367.199 528833
3014 5179.46 -4.80157 325.135 367.123 536003
3026 5119.64 -5.20699 321.258 367.042 543315
3038 5054.47 -5.61706 317.361 366.953 550799
3050 4984.97 -5.99318 313.438 366.858 558465
3062 4910.65 -6.36493 309.487 366.757 566326
3074 4832.42 -6.68477 305.507 366.65 574390
3086 4749.68 -7.14057 301.489 366.537 582680
3098 4661.38 -7.51202 297.406 366.417 591258
3110 4569.8 -7.78057 293.223 366.292 600186
3122 4474.43 -8.1048 288.908 366.162 609543
3134 4375 -8.49961 284.45 366.026 619380
3146 4270.57 -8.86014 279.932 365.883 629584
3158 4162.71 -9.13202 275.461 365.736 639973
3170 4051.08 -9.48471 271.142 365.583 650346
3182 3935.47 -9.74023 267.036 365.425 660570
3194 3817.05 -10.0622 263.018 365.263 670872
3206 3693.84 -10.419 258.915 365.094 681617
3218 3567.61 -10.6229 254.556 364.921 693205
3230 3438.24 -10.988 249.831 364.744 705954
3242 3304.43 -11.2202 244.889 364.561 719637
3254 3169.06 -11.4279 239.938 364.375 733812
3266 3029.35 -11.8364 235.189 364.183 747985
3278 2886.03 -11.9816 230.79 363.986 761725
3290 2741.51 -12.1979 226.639 363.788 775226
3302 2592.93 -12.503 222.571 363.583 788920
3314 2441.77 -12.7239 218.422 363.376 803287
3326 2287.47 -12.9656 214.071 363.163 818754
3338 2130.83 -13.1492 209.576 362.947 835236
3350 1971.7 -13.3818 205.039 362.728 852487
3362 1809.88 -13.561 200.563 362.505 870209
3374 1646.27 -13.7308 196.219 362.279 888150
3386 1480.04 -13.9773 191.957 362.05 906491
3398 1311.08 -14.1575 187.696 361.816 925563
3410 1140.65 -14.2407 183.355 361.581 945754
3422 968.838 -14.44 178.877 361.343 967418
3434 794.004 -14.6596 174.302 361.101 990538
3446 617.646 -14.7195 169.693 360.857 1.01494e+06
3458 440.411 -14.8608 165.116 360.611 1.04042e+06
3470 260.71 -15.0713 160.616 360.362 1.0668e+06
3482 79.2475 -15.1448 156.18 360.11 1.0942e+06
3494 -102.7 -15.2022 151.774 359.857 1.12288e+06
3506 -285.946 -15.3447 147.367 359.603 1.15314e+06
3518 -471.016 -15.4979 142.949 359.345 1.1852e+06
3530 -657.488 -15.5492 138.598 359.086 1.21867e+06
3542 -844.03 -15.5587 134.415 358.826 1.25282e+06
3554 -1031.39 -15.6919 130.501 358.565 1.28679e+06
3566 -1220.4 -15.7666 126.922 358.301 1.31975e+06
3578 -1409.5 -15.7694 123.61 358.037 1.35201e+06
3590 -1599.09 -15.8278 120.461 357.772 1.38432e+06
3602 -1789.14 -15.8293 117.373 357.506 1.4176e+06
3614 -1979.34 -15.9189 114.279 357.24 1.45262e+06
3626 -2170.98 -15.9545 111.259 356.972 1.48861e+06
3638 -2361.74 -15.8621 108.428 356.705 1.5242e+06
3650 -2552.06 -15.8675 105.9 356.438 1.55772e+06
3662 -2742.52 -15.8624 103.756 356.171 1.58768e+06
3674 -2932.86 -15.8841 101.936 355.903 1.61437e+06
3686 -3123.52 -15.8521 100.347 355.635 1.6387e+06
3698 -3313.05 -15.7527 98.8928 355.369 1.66175e+06
3710 -3501.8 -15.7057 97.5335 355.103 1.68401e+06
3722 -3689.77 -15.6046 96.4385 354.838 1.70278e+06
3734 -3876.64 -15.5863 95.8307 354.575 1.71436e+06
3746 -4063.68 -15.5277 95.9326 354.311 1.71504e+06
3758 -4248.65 -15.3068 96.9105 354.05 1.70236e+06
3770 -4431.71 -15.2523 98.7039 353.791 1.67799e+06
3782 -4614.52 -15.1514 101.196 353.533 1.64483e+06
3794 -4795.2 -15.0149 104.269 353.277 1.60574e+06
3806 -4974.69 -14.8308 107.808 353.023 1.56328e+06
3818 -5151.04 -14.6224 111.706 352.773 1.51955e+06
3830 -5326.16 -14.5454 115.859 352.525 1.47621e+06
3842 -5499.34 -14.2714 120.162 352.279 1.43453e+06
3854 -5668.98 -14.0759 124.542 352.038 1.39516e+06
3866 -5837.23 -13.8963 129.056 351.799 1.35745e+06
3878 -6002.12 -13.622 133.796 351.565 1.32062e+06
3890 -6164.31 -13.3876 138.852 351.334 1.28411e+06
3902 -6323.13 -13.0819 144.308 351.108 1.24756e+06
3914 -6478.16 -12.7454 150.219 350.887 1.21093e+06
3926 -6629.25 -12.4649 156.635 350.672 1.17428e+06
3938 -6777.36 -12.196 163.606 350.461 1.13771e+06
3950 -6921.31 -11.7682 171.139 350.255 1.10153e+06
3962 -7059.88 -11.3617 179.077 350.057 1.06674e+06
3974 -7194.16 -10.9966 187.221 349.865 1.03421e+06
3986 -7323.47 -10.5502 195.372 349.681 1.0045e+06
3998 -7446.94 -9.99727 203.49 349.504 977402
4010 -7563.77 -9.5333 212.173 349.337 950701
4022 -7675.5 -9.00942 222.18 349.177 922389
4034 -7779.24 -8.29683 234.269 349.028 891200
4046 -7875.05 -7.69205 248.613 348.891 857978
4058 -7963.04 -6.88699 263.048 348.765 828336
4070 -8040.27 -6.06314 274.826 348.654 806833
4082 -8108.39 -5.19582 281.199 348.556 796690
4094 -8163.69 -4.00894 281.917 348.477 796888
4106 -8204.36 -2.7616 286.723 348.419 789863
4118 -8228.88 -1.2416 307.854 348.384 757231
4130 -8232.13 0.783995 357.552 348.379 694409
4142 -8206.83 3.61614 442.415 348.415 619388
4154 -8145.28 6.4659 546.48 348.504 559219
4166 -7994.31 23.652 648.14 348.72 518935
4178 -7547.24 48.4349 725.793 349.36 494461
4190 -6913.47 52.8167 763.791 350.266 482760
4202 -6307.61 50.2062 770.329 351.13 479360
4214 -5693.33 51.3934 759.56 352.004 480123
4226 -5080.3 51.0472 745.634 352.873 481787
4238 -4465.96 51.2627 739.766 353.743 481483
4250 -3850.63 51.3209 741.413 354.612 479258
4262 -3234.04 51.4325 747.092 355.48 476016
4274 -2616.29 51.5332 753.319 356.348 472670
4286 -1997.15 51.6574 757.351 357.215 469902
4298 -1376.49 51.7872 759.397 358.083 467641
4310 -754.22 51.9258 760.403 358.951 465647
4322 -130.229 52.0749 761.318 359.819 463685
4334 495.616 52.2336 762.888 360.688 461571
4346 1123.42 52.4016 765.058 361.557 459321
4358 1753.3 52.5801 767.574 362.427 456997
4370 2385.37 52.768 770.18 363.298 454663
4382 3019.75 52.9624 772.676 364.17 452364
4394 3656.53 53.172 775.079 365.043 450097
4406 4295.93 53.3947 777.461 365.918 447843
4418 4937.98 53.6096 779.893 366.794 445586
4430 5582.66 53.8481 782.431 367.672 443311
4442 6230.38 54.0997 785.068 368.552 441021
4454 6881.06 54.3525 787.783 369.433 438720
4466 7534.89 54.6167 790.551 370.317 436414
4478 8191.89 54.8894 793.355 371.203 434107
4490 8852.3 55.178 796.19 372.092 431799
4502 9516.17 55.4684 799.058 372.983 429490
4514 10183.5 55.7549 801.959 373.876 427179
4526 10854.5 56.092 804.898 374.773 424866
4538 11529.8 56.438 807.895 375.672 422544
4550 12208.9 56.7693 810.975 376.575 420208
4562 12892 57.0332 814.164 377.481 417855
4574 13578.2 57.4157 817.474 378.389 415484
4586 14270.2 57.8596 820.88 379.302 413093
4598 14966.1 58.1059 824.344 380.218 410696
4610 15665.6 58.5719 827.827 381.137 408302
4622 16371.5 58.9771 831.304 382.062 405908
4634 17080.8 59.3079 834.785 382.989 403522
4646 17795.4 59.7677 838.296 383.921 401131
4658 18515 60.1772 841.859 384.857 398734
4670 19239.6 60.573 845.491 385.797 396326
4682 19969 61.0259 849.185 386.741 393911
4694 20704.5 61.5424 852.93 387.691 391486
4706 21445.5 61.933 856.714 388.646 389057
4718 22191.1 62.3679 860.529 389.604 386627
4730 22942.7 62.898 864.396 390.567 384190
4742 23700.7 63.437 868.337 391.536 381738
4754 24464.6 63.8389 872.379 392.511 379270
4766 25233.3 64.3711 876.536 393.489 376788
4778 26009.6 64.9116 880.784 394.474 374287
4790 26790.9 65.3787 885.091 395.463 371782
4802 27579.3 66.0032 889.423 396.458 369273
4814 28374.5 66.4935 893.75 397.46 366767
4826 29175.4 67.0535 898.05 398.466 364270
4838 29983.9 67.6604 902.304 399.48 361781
4850 30798.9 68.1784 906.493 400.498 359305
4862 31620.5 68.7646 910.625 401.523 356841
4874 32449.2 69.3351 914.814 402.553 354369
4886 33285.3 70.0932 919.199 403.59 351864
4898 34129.7 70.4266 923.92 404.635 349301
4910 34978.3 71.4638 929.072 405.683 346679
4922 35842 71.78 934.567 406.746 343982
4934 36701.3 72.1554 940.273 407.801 341293
4946 37577.9 73.5794 946.058 408.874 338566
4958 38462.1 73.7389 951.783 409.954 335855
4970 39348.6 74.1366 957.286 411.034 333201
4982 40243.5 75.067 962.398 412.121 330609
4994 41152.3 76.5155 966.948 413.222 328087
5006 42072.4 76.0891 970.88 414.334 325650
5018 42983.1 76.8355 974.574 415.431 323300
5030 43920.2 78.5207 978.524 416.558 320857
5042 44861 78.5665 983.222 417.685 318317
5054 45810.7 79.8223 988.978 418.821 315624
5066 46771.3 79.7235 995.367 419.966 312838
5078 47729 80.8581 1001.78 421.104 310089
5090 48712.8 82.2176 1007.62 422.271 307377
5102 49694.7 81.7033 1012.46 423.432 304837
5114 50683.4 83.6178 1016.7 424.598 302387
5126 51696.6 84.298 1020.94 425.789 299894
5138 52705.3 84.6505 1025.76 426.972 297361
5150 53732.3 86.0354 1031.55 428.173 294674
5162 54765.5 86.2548 1037.97 429.378 291918
5174 55805.8 87.3214 1044.45 430.588 289165
5186 56861.3 88.4084 1050.44 431.812 286466
5198 57924.1 88.6233 1055.56 433.041 283889
5210 58992.2 89.8362 1060.12 434.272 281397
5222 60082 91.5018 1064.59 435.525 278884
5234 61179.7 91.0379 1069.47 436.783 276327
5246 62274 92.3504 1075.12 438.034 273712
5258 63399.2 94.4138 1081.45 439.317 270964
5270 64529.4 93.8269 1088.27 440.601 268176
5282 65658.4 95.0944 1095.37 441.881 265391
5294 66812 96.4494 1102.56 443.184 262567
5306 67968.7 96.6762 1109.66 444.487 259779
5318 69138.3 98.4191 1116.51 445.801 257021
5330 70328.2 99.5368 1122.94 447.133 254293
5342 71523.7 99.8039 1128.86 448.468 251640
5354 72726.8 100.878 1134.52 449.807 249028
5366 73944.2 101.792 1140.24 451.159 246404
5378 75171.5 103.139 1146.36 452.517 243744
5390 76419.8 104.549 1153.08 453.894 241002
5402 77674.4 104.392 1160.19 455.274 238235
5414 78932.6 106.086 1167.36 456.654 235487
5426 80220.3 107.729 1174.26 458.061 232734
5438 81511.3 107.684 1180.67 459.469 230055
5450 82809.4 108.825 1186.7 460.879 227430
5462 84126 110.672 1192.59 462.305 224809
5474 85461.8 111.569 1198.55 463.748 222168
5486 86802 112.062 1204.75 465.19 219525
5498 88155.2 113.553 1211.11 466.643 216871
5510 89527 114.985 1217.45 468.11 214209
5522 90911.6 115.607 1223.63 469.587 211566
5534 92301.4 116.181 1229.58 471.064 208966
5546 93707.7 118.686 1235.49 472.554 206365
5558 95142.7 119.405 1241.68 474.07 203711
5570 96571.4 119.602 1248.41 475.575 201051
5582 98021.9 121.968 1255.88 477.097 198313
5594 99491.2 122.496 1263.82 478.635 195529
5606 100963 123.396 1271.83 480.17 192768
5618 102456 125.063 1279.55 481.722 190026
5630 103964 126.439 1286.7 483.284 187338
5642 105490 127.698 1293.45 484.861 184682
5654 107027 128.615 1300.07 486.443 182047
5666 108577 129.69 1306.84 488.034 179408
5678 110139 130.639 1313.95 489.632 176750
5690 111717 132.606 1321.36 491.24 174072
5702 113319 134.018 1328.9 492.868 171370
5714 114931 134.894 1336.45 494.501 168685
5726 116557 135.779 1343.89 496.142 166017
5738 118192 137.171 1351.21 497.787 163375
5750 119851 139.19 1358.43 499.451 160730
5762 121527 140.022 1365.56 501.126 158096
5774 123214 141.248 1372.62 502.806 155482
5786 124918 142.673 1379.73 504.498 152866
5798 126638 144.277 1386.99 506.2 150244
5810 128378 145.154 1394.52 507.915 147604
5822 130125 146.645 1402.4 509.632 144959
5834 131899 148.423 1410.6 511.369 142280
5846 133681 148.747 1419.05 513.109 139604
5858 135478 151.349 1427.68 514.857 136926
5870 137308 152.74 1436.33 516.632 134229
5882 139139 152.908 1444.35 518.4 131608
5894 140987 155.384 1451.03 520.18 129083
5906 142862 156.312 1455.62 521.978 126691
5918 144741 157.835 1458.18 523.776 124453
5930 146648 158.975 1462.01 525.593 122119
5942 148566 162.544 1471.19 527.415 119445
5954 150536 162.866 1489.81 529.279 116124
5966 152464 160.403 1518.32 531.097 112308
5978 154407 163.362 1542.63 532.924 108812
5990 156406 171.627 1545.02 534.795 106594
6002 158468 165.387 1507.77 536.72 106726
6014 160470 182.827 1419.3 538.581 110565
6026 162651 149.038 1292.58 540.603 118120
6038 163924 84.5894 1146.75 541.779 131076
